23.00,16.00
23.00,16.00
23.00,16.00
23.00,16.00
23.00,16.00
23.00,16.00
23.00,16.00
23.00,16.00
23.00,16.00
23.00,16.00
23.00,16.00
23.00,16.00
23.00,16.00
23.00,16.00
23.00,16.00
23.00,16.00
23.00,16.00
23.00,16.00
23.00,16.00
23.00,16.00
23.00,16.00
23.00,16.00
23.00,16.00
23.00,16.00
23.00,16.00
23.00,16.00
23.00,16.00
23.00,16.00
23.00,16.00
23.00,16.00
23.00,16.00
23.00,16.00
23.00,16.00
23.00,16.00
23.00,16.00
23.00,16.00
23.00,16.00
23.00,16.00
23.00,16.00
23.00,16.00
23.00,16.00
23.00,16.00
23.00,16.00
23.00,16.00
23.00,16.00
23.00,16.00
23.00,16.00
23.00,16.00
23.00,16.00
23.00,16.00
23.00,16.00
23.00,16.00
23.00,16.00
23.00,16.00
23.00,16.00
23.00,16.00
23.00,16.00
23.00,16.00
23.00,16.00
23.00,16.00
23.00,16.00
23.00,16.00
23.00,16.00
23.00,16.00
23.00,16.00
23.00,16.00
23.00,16.00
23.00,16.00
23.00,16.00
23.00,16.00
23.00,16.00
23.00,16.00
23.00,16.00
23.00,16.00
23.00,16.00
23.00,16.00
23.00,16.00
23.00,16.00
23.00,16.00
